35
58
20
58
78
72
54
13
52
35
78
23
95
12
90
46
23
98
13
35
87
29
45
8
96
61
50
11
79
77
99
91
35
13
29
17
86
8O
78
21
52
63
11
77
82
48
41
41
41
54
78
22
79
15
53
3
57
69
34
11
81
20
79
48
26
61
86
21
27
32
7O
19
72
57
41
93
0
37
24
9
44
73
28
6
7
43
7l
65
99
21
81
48
99
23
81
88
98
9l
69
46
72
61
73
69
99
83
62
28
29
62
28
53
28
73
30
45
74
52
l8
23
75
75
27
69
49
63
44
17
78
99
5
87
65
97
60
42
71
10
15
81
76
43
48
10
3
71
47
58
19
8
87
18
91
40
35
13
45
34
33
76
96
27
57
53
36
83
81
88
21
76
61
97
15
83
62
66
9
92
78
3
86
76
89
6
73
65
5
54
58
79
96
68
88
15
22
84
7
33
75
86
94
76
16
49
87
82
47
82
59
34
56
62
54
68
3
29
67
0
55
95
4
10
77
18
58
61
75
60
46
81
92
33
83
0
34
44
3
13
54
91
46
76
58
60
1
25
11
37
17
38
96
36
20
68
49
62
77
0
96
23
20
84
21
57
62
99
25
52
13
17
69
33
80
87
66
35
88
57
81
84
21
62
87
12
57
29
32
8
9
67
86
6
28
35
18
83
12
33
46
52
20
13
81
93
10
40
93
58
63
14
86
69
47
41
81
74
91
47
24
59
93
85
74
43
35
26
50
36
41
26
5
77
58
26
54
76
20
92
94
30
4
51
68
29
96
80
88
87
49
18
97
19
42
64
91
40
80
57
23
15
57
70
86
12
49
66
24
33
11
91
5
28
94
25
34
19
64
55
58
59
47
16
6
79
30
51
67
9
91
14
8
48
1
66
37
97
85
95
48
91
72
38
99
76
7
52
25
68
63
46
79
80
57
41
36
47
13
85
55
52
21
54
48
27
90
19
50
24
10
20
31
8
95
46
87
37
40
50
99
68
18
45
0
86
46
28
69
54
13
32
7
88
19
51
61
96
95
7
50
17
50
24
70
35
9
80
87
60
64
68
99
24
24
19
92
15
14
52
2
90
19
35
77
55
24
79
75
29
23
57
25
3
81
63
34
42
10
62
97
89
3
67
73
52
54
75
8
63
93
99
5
40
23
6
94
33
29
47
32
49
29
56
23
68
22
97
61
62
41
25
11
91
3
51
60
85
82
98
48
29
26
91
23
18
85
48
91
94
82
25
44
45
41
69
63
32
54
31
90
41
12
3
60
29
76
65
32
70
25
19
94
11
43
19
15
77
73
56
99
42
49
46
88
36
87
91
31
21
7
6
79
92
28
84
45
8
27
78
11
41
4
97
78
28
66
59
88
53
14
37
93
17
2
92
63
15
15
16
16
66
4
34
47
3
35
89
11
87
76
27
10
62
58
10
36
72
11
98
73
67
21
52
34
58
31
80
27
39
45
43
69
11
68
46
9
8
63
82
27
75
60
47
46
44
62
45
99
32
98
97
86
67
13
18
48
29
79
51
1
29
24
73
82
66
85
24
77
99
20
6
64
8
70
77
40
85
41
61
45
2
88
73
92
39
39
52
73
11
53
85
98
83
41
64
7
86
75
95
31
42
82
49
25
5
79
57
92
35
83
52
78
15
16
36
88
36
3
36
26
94
36
7
51
35
8
96
31
19
77
76
36
78
42
90
13
43
57
86
75
40
1
75
69
75
47
46
21
70
66
6
31
27
64
80
88
18
92
10
61
46
60
90
36
31
79
84
7
13
97
34
78
10
26
0
44
53
73
96
9
21
72
60
50
61
10
63
85
57
20
53
29
50
75
11
36
8
29
66
78
43
37
1
42
67
62
89
20
65
0
76
63
56
73
16
13
19
25
73
8
65
12
96
21
2
90
30
63
92
97
14
80
69
58
8
63
65
51
42
45
45
66
49
43
19
43
58
61
41
44
54
33
95
95
10
9
14
37
65
81
32
89
57
44
67
66
73
66
18
53
68
69
16
31
93
45
87
86
84
78
20
22
91
89
4
38
9
61
98
26
22
35
9
10
96
84
96
18
16
94
89
32
21
6
38
28
87
57
21
48
55
12
84
41
45
25
52
83
9
31
84
82
40
37
3
64
72
87
44
79
9
38
49
58
10
99
45
37
4
43
11
68
75
92
49
41
40
11
58
96
78
48
59
4
88
79
36
18
12
82
88
67
47
61
16
1
8
75
92
5
51
48
65
66
70
64
96
82
34
